status: Ok

map received
Data length is: 67592
Map center: -119, -35.5
Map size: 476 x 142
Obstacle map published
publishing and latching message for 3.0 seconds
publishing and latching message for 3.0 seconds
publishing and latching message for 3.0 seconds
//////////////////START NEW ROUTE//////////////////
//////////////////Generate//////////////////
Node 4668 is at [-107, 13] at a theta of -0.78539819 with a cost of 227.07333
Add heap element
227.07333      4668
  1000000   1000000
  1000000   1000000
  1000000   1000000
  1000000   1000000
  1000000   1000000
  1000000   1000000
  1000000   1000000
  1000000   1000000
  1000000   1000000
  1000000   1000000
  1000000   1000000
  1000000   1000000
  1000000   1000000
  1000000   1000000
  1000000   1000000
  1000000   1000000
  1000000   1000000
  1000000   1000000
  1000000   1000000
  1000000   1000000
  1000000   1000000
  1000000   1000000
  1000000   1000000
  1000000   1000000
  1000000   1000000
  1000000   1000000
  1000000   1000000
  1000000   1000000
  1000000   1000000
  1000000   1000000
  1000000   1000000
  1000000   1000000
  1000000   1000000
  1000000   1000000
  1000000   1000000
  1000000   1000000
  1000000   1000000
  1000000   1000000
  1000000   1000000
  1000000   1000000
  1000000   1000000
  1000000   1000000
  1000000   1000000
  1000000   1000000
  1000000   1000000
  1000000   1000000
  1000000   1000000
  1000000   1000000
  1000000   1000000
  1000000   1000000
  1000000   1000000
  1000000   1000000
  1000000   1000000
  1000000   1000000
  1000000   1000000
  1000000   1000000
  1000000   1000000
  1000000   1000000
  1000000   1000000
  1000000   1000000
  1000000   1000000
  1000000   1000000
  1000000   1000000
  1000000   1000000
  1000000   1000000
  1000000   1000000
  1000000   1000000
  1000000   1000000
  1000000   1000000
  1000000   1000000
  1000000   1000000
  1000000   1000000
  1000000   1000000
  1000000   1000000
  1000000   1000000
  1000000   1000000
  1000000   1000000
  1000000   1000000
  1000000   1000000
  1000000   1000000
  1000000   1000000
  1000000   1000000
  1000000   1000000
  1000000   1000000
  1000000   1000000
  1000000   1000000
  1000000   1000000
  1000000   1000000
  1000000   1000000
  1000000   1000000
  1000000   1000000
  1000000   1000000
  1000000   1000000
  1000000   1000000
  1000000   1000000
  1000000   1000000
  1000000   1000000
  1000000   1000000
  1000000   1000000
Node 5148 is at [-107, 18] at a theta of 0 with a cost of 225.03636
Add heap element
225.03636      5148
227.07333      4668
  1000000   1000000
  1000000   1000000
  1000000   1000000
  1000000   1000000
  1000000   1000000
  1000000   1000000
  1000000   1000000
  1000000   1000000
  1000000   1000000
  1000000   1000000
  1000000   1000000
  1000000   1000000
  1000000   1000000
  1000000   1000000
  1000000   1000000
  1000000   1000000
  1000000   1000000
  1000000   1000000
  1000000   1000000
  1000000   1000000
  1000000   1000000
  1000000   1000000
  1000000   1000000
  1000000   1000000
  1000000   1000000
  1000000   1000000
  1000000   1000000
  1000000   1000000
  1000000   1000000
  1000000   1000000
  1000000   1000000
  1000000   1000000
  1000000   1000000
  1000000   1000000
  1000000   1000000
  1000000   1000000
  1000000   1000000
  1000000   1000000
  1000000   1000000
  1000000   1000000
  1000000   1000000
  1000000   1000000
  1000000   1000000
  1000000   1000000
  1000000   1000000
  1000000   1000000
  1000000   1000000
  1000000   1000000
  1000000   1000000
  1000000   1000000
  1000000   1000000
  1000000   1000000
  1000000   1000000
  1000000   1000000
  1000000   1000000
  1000000   1000000
  1000000   1000000
  1000000   1000000
  1000000   1000000
  1000000   1000000
  1000000   1000000
  1000000   1000000
  1000000   1000000
  1000000   1000000
  1000000   1000000
  1000000   1000000
  1000000   1000000
  1000000   1000000
  1000000   1000000
  1000000   1000000
  1000000   1000000
  1000000   1000000
  1000000   1000000
  1000000   1000000
  1000000   1000000
  1000000   1000000
  1000000   1000000
  1000000   1000000
  1000000   1000000
  1000000   1000000
  1000000   1000000
  1000000   1000000
  1000000   1000000
  1000000   1000000
  1000000   1000000
  1000000   1000000
  1000000   1000000
  1000000   1000000
  1000000   1000000
  1000000   1000000
  1000000   1000000
  1000000   1000000
  1000000   1000000
  1000000   1000000
  1000000   1000000
  1000000   1000000
  1000000   1000000
  1000000   1000000
Node 5628 is at [-107, 23] at a theta of 0.78539819 with a cost of 1000007.1
Elapsed time of check 2 is: 0.0013742447
Check minimum node
Remove heap element
225.03636      5148
227.07333      4668
  1000000   1000000
  1000000   1000000
  1000000   1000000
  1000000   1000000
  1000000   1000000
  1000000   1000000
  1000000   1000000
  1000000   1000000
  1000000   1000000
  1000000   1000000
  1000000   1000000
  1000000   1000000
  1000000   1000000
  1000000   1000000
  1000000   1000000
  1000000   1000000
  1000000   1000000
  1000000   1000000
  1000000   1000000
  1000000   1000000
  1000000   1000000
  1000000   1000000
  1000000   1000000
  1000000   1000000
  1000000   1000000
  1000000   1000000
  1000000   1000000
  1000000   1000000
  1000000   1000000
  1000000   1000000
  1000000   1000000
  1000000   1000000
  1000000   1000000
  1000000   1000000
  1000000   1000000
  1000000   1000000
  1000000   1000000
  1000000   1000000
  1000000   1000000
  1000000   1000000
  1000000   1000000
  1000000   1000000
  1000000   1000000
  1000000   1000000
  1000000   1000000
  1000000   1000000
  1000000   1000000
  1000000   1000000
  1000000   1000000
  1000000   1000000
  1000000   1000000
  1000000   1000000
  1000000   1000000
  1000000   1000000
  1000000   1000000
  1000000   1000000
  1000000   1000000
  1000000   1000000
  1000000   1000000
  1000000   1000000
  1000000   1000000
  1000000   1000000
  1000000   1000000
  1000000   1000000
  1000000   1000000
  1000000   1000000
  1000000   1000000
  1000000   1000000
  1000000   1000000
  1000000   1000000
  1000000   1000000
  1000000   1000000
  1000000   1000000
  1000000   1000000
  1000000   1000000
  1000000   1000000
  1000000   1000000
  1000000   1000000
  1000000   1000000
  1000000   1000000
  1000000   1000000
  1000000   1000000
  1000000   1000000
  1000000   1000000
  1000000   1000000
  1000000   1000000
  1000000   1000000
  1000000   1000000
  1000000   1000000
  1000000   1000000
  1000000   1000000
  1000000   1000000
  1000000   1000000
  1000000   1000000
  1000000   1000000
  1000000   1000000
  1000000   1000000
  1000000   1000000
Check parent Cost: 227.07333
Child left: 1000000
Child right: 1000000
Check parent Cost: 227.07333
Child left: 1000000
Child right: 1000000
Check parent Cost: 227.07333
Child left: 1000000
Child right: 1000000
Check parent Cost: 227.07333
Child left: 1000000
Child right: 1000000
Check parent Cost: 227.07333
Child left: 1000000
Child right: 1000000
Check parent Cost: 227.07333
status: Ok

map received
Data length is: 67592
Map center: -119, -35.5
Map size: 476 x 142
Obstacle map published
publishing and latching message for 3.0 seconds
publishing and latching message for 3.0 seconds
publishing and latching message for 3.0 seconds
//////////////////START NEW ROUTE//////////////////
//////////////////Generate//////////////////
Node 4668 is at [-107, 13] at a theta of -0.78539819 with a cost of 227.07333
Add heap element
227.07333      4668
  1000000   1000000
  1000000   1000000
  1000000   1000000
  1000000   1000000
  1000000   1000000
  1000000   1000000
  1000000   1000000
  1000000   1000000
  1000000   1000000
  1000000   1000000
  1000000   1000000
  1000000   1000000
  1000000   1000000
  1000000   1000000
  1000000   1000000
  1000000   1000000
  1000000   1000000
  1000000   1000000
  1000000   1000000
  1000000   1000000
  1000000   1000000
  1000000   1000000
  1000000   1000000
  1000000   1000000
  1000000   1000000
  1000000   1000000
  1000000   1000000
  1000000   1000000
  1000000   1000000
  1000000   1000000
  1000000   1000000
  1000000   1000000
  1000000   1000000
  1000000   1000000
  1000000   1000000
  1000000   1000000
  1000000   1000000
  1000000   1000000
  1000000   1000000
  1000000   1000000
  1000000   1000000
  1000000   1000000
  1000000   1000000
  1000000   1000000
  1000000   1000000
  1000000   1000000
  1000000   1000000
  1000000   1000000
  1000000   1000000
  1000000   1000000
  1000000   1000000
  1000000   1000000
  1000000   1000000
  1000000   1000000
  1000000   1000000
  1000000   1000000
  1000000   1000000
  1000000   1000000
  1000000   1000000
  1000000   1000000
  1000000   1000000
  1000000   1000000
  1000000   1000000
  1000000   1000000
  1000000   1000000
  1000000   1000000
  1000000   1000000
  1000000   1000000
  1000000   1000000
  1000000   1000000
  1000000   1000000
  1000000   1000000
  1000000   1000000
  1000000   1000000
  1000000   1000000
  1000000   1000000
  1000000   1000000
  1000000   1000000
  1000000   1000000
  1000000   1000000
  1000000   1000000
  1000000   1000000
  1000000   1000000
  1000000   1000000
  1000000   1000000
  1000000   1000000
  1000000   1000000
  1000000   1000000
  1000000   1000000
  1000000   1000000
  1000000   1000000
  1000000   1000000
  1000000   1000000
  1000000   1000000
  1000000   1000000
  1000000   1000000
  1000000   1000000
  1000000   1000000
  1000000   1000000
Node 5148 is at [-107, 18] at a theta of 0 with a cost of 225.03636
Add heap element
225.03636      5148
227.07333      4668
  1000000   1000000
  1000000   1000000
  1000000   1000000
  1000000   1000000
  1000000   1000000
  1000000   1000000
  1000000   1000000
  1000000   1000000
  1000000   1000000
  1000000   1000000
  1000000   1000000
  1000000   1000000
  1000000   1000000
  1000000   1000000
  1000000   1000000
  1000000   1000000
  1000000   1000000
  1000000   1000000
  1000000   1000000
  1000000   1000000
  1000000   1000000
  1000000   1000000
  1000000   1000000
  1000000   1000000
  1000000   1000000
  1000000   1000000
  1000000   1000000
  1000000   1000000
  1000000   1000000
  1000000   1000000
  1000000   1000000
  1000000   1000000
  1000000   1000000
  1000000   1000000
  1000000   1000000
  1000000   1000000
  1000000   1000000
  1000000   1000000
  1000000   1000000
  1000000   1000000
  1000000   1000000
  1000000   1000000
  1000000   1000000
  1000000   1000000
  1000000   1000000
  1000000   1000000
  1000000   1000000
  1000000   1000000
  1000000   1000000
  1000000   1000000
  1000000   1000000
  1000000   1000000
  1000000   1000000
  1000000   1000000
  1000000   1000000
  1000000   1000000
  1000000   1000000
  1000000   1000000
  1000000   1000000
  1000000   1000000
  1000000   1000000
  1000000   1000000
  1000000   1000000
  1000000   1000000
  1000000   1000000
  1000000   1000000
  1000000   1000000
  1000000   1000000
  1000000   1000000
  1000000   1000000
  1000000   1000000
  1000000   1000000
  1000000   1000000
  1000000   1000000
  1000000   1000000
  1000000   1000000
  1000000   1000000
  1000000   1000000
  1000000   1000000
  1000000   1000000
  1000000   1000000
  1000000   1000000
  1000000   1000000
  1000000   1000000
  1000000   1000000
  1000000   1000000
  1000000   1000000
  1000000   1000000
  1000000   1000000
  1000000   1000000
  1000000   1000000
  1000000   1000000
  1000000   1000000
  1000000   1000000
  1000000   1000000
  1000000   1000000
  1000000   1000000
  1000000   1000000
Node 5628 is at [-107, 23] at a theta of 0.78539819 with a cost of 1000007.1
Elapsed time of check 2 is: 0.00069999695
Check minimum node
Remove heap element
225.03636      5148
227.07333      4668
  1000000   1000000
  1000000   1000000
  1000000   1000000
  1000000   1000000
  1000000   1000000
  1000000   1000000
  1000000   1000000
  1000000   1000000
  1000000   1000000
  1000000   1000000
  1000000   1000000
  1000000   1000000
  1000000   1000000
  1000000   1000000
  1000000   1000000
  1000000   1000000
  1000000   1000000
  1000000   1000000
  1000000   1000000
  1000000   1000000
  1000000   1000000
  1000000   1000000
  1000000   1000000
  1000000   1000000
  1000000   1000000
  1000000   1000000
  1000000   1000000
  1000000   1000000
  1000000   1000000
  1000000   1000000
  1000000   1000000
  1000000   1000000
  1000000   1000000
  1000000   1000000
  1000000   1000000
  1000000   1000000
  1000000   1000000
  1000000   1000000
  1000000   1000000
  1000000   1000000
  1000000   1000000
  1000000   1000000
  1000000   1000000
  1000000   1000000
  1000000   1000000
  1000000   1000000
  1000000   1000000
  1000000   1000000
  1000000   1000000
  1000000   1000000
  1000000   1000000
  1000000   1000000
  1000000   1000000
  1000000   1000000
  1000000   1000000
  1000000   1000000
  1000000   1000000
  1000000   1000000
  1000000   1000000
  1000000   1000000
  1000000   1000000
  1000000   1000000
  1000000   1000000
  1000000   1000000
  1000000   1000000
  1000000   1000000
  1000000   1000000
  1000000   1000000
  1000000   1000000
  1000000   1000000
  1000000   1000000
  1000000   1000000
  1000000   1000000
  1000000   1000000
  1000000   1000000
  1000000   1000000
  1000000   1000000
  1000000   1000000
  1000000   1000000
  1000000   1000000
  1000000   1000000
  1000000   1000000
  1000000   1000000
  1000000   1000000
  1000000   1000000
  1000000   1000000
  1000000   1000000
  1000000   1000000
  1000000   1000000
  1000000   1000000
  1000000   1000000
  1000000   1000000
  1000000   1000000
  1000000   1000000
  1000000   1000000
  1000000   1000000
  1000000   1000000
  1000000   1000000
Check parent Cost: 227.07333
Child left: 1000000
Child right: 1000000
Check parent Cost: 227.07333
Child left: 1000000
Child right: 1000000
Check parent Cost: 227.07333
Child left: 1000000
Child right: 1000000
Check parent Cost: 227.07333
Child left: 1000000
Child right: 1000000
Check parent Cost: 227.07333
Child left: 1000000
Child right: 1000000
Check parent Cost: 227.07333
